incompressible flow
boundaries for p:
Dirichlet 0 top, bottom
von Neumann 0 left, right
boundaries for u:
Dirichlet (u0, u0/4) top, bottom
Dirichlet 0 left, right
n	dx	dt	spf	u0	nu	dl1 b.	result
129	.015625	.00002	10	48	.1	.1	C: 2300



33 	.0625	.01	10	1	.1	.1	D: 37
33 	.0625	.0098	10	1	.1	.1	C: 45 (364)
33 	.0625	.00983	10	1	.1	.1	C: 45 (1061)
33 	.0625	.0099	10	1	.1	.1	D: 71
33 	.0625	.00986	10	1	.1	.1	D: 124
33 	.0625	.00985	10	1	.1	.1	D: 198
33 	.0625	.00984	10	1	.1	.1	D: 560

33 	.0625	.00984	10	3	.1	.1	D: 264
33 	.0625	.00983	10	3	.1	.1	D(nn): 165
33 	.0625	.00982	10	3	.1	.1	D(nn): 260
33 	.0625	.00981	10	3	.1	.1	D(nn): 1200
33 	.0625	.00980	10	3	.1	.1	C: 50 (865)

33 	.0625	.01	10	5	.1	.1	D: 22
33 	.0625	.009	10	5	.1	.1	C: 38 (870)
33 	.0625	.0095	10	5	.1	.1	C: 37 (1908)
33 	.0625	.0098	10	5	.1	.1	C: 38 (577)
33 	.0625	.0099	10	5	.1	.1	D: 41
33 	.0625	.00985	10	5	.1	.1	D: 92
33 	.0625	.00983	10	5	.1	.1	D(nn): 170 // nn -> not NaN, but clearly non-physical

33 	.0625	.0098	10	5.1	.1	.1	C: 40 (881)
33 	.0625	.00981	10	5.1	.1	.1	D(nn): 1450

33 	.0625	.0098	10	5.3	.1	.1	C: 30 (1023)
33 	.0625	.00981	10	5.3	.1	.1	D(nn): 1750

33 	.0625	.0098	10	5.5	.1	.1	C: 50 (288)
33 	.0625	.00981	10	5.5	.1	.1	D(nn): 3000

33 	.0625	.0095	10	6	.1	.1	C(sosc): 30 (2336)
33 	.0625	.0097	10	6	.1	.1	D: 36
33 	.0625	.0096	10	6	.1	.1	D: 46
33 	.0625	.00955	10	6	.1	.1	D: 67
33 	.0625	.00953	10	6	.1	.1	D: 63
33 	.0625	.00952	10	6	.1	.1	D: 80
33 	.0625	.00951	10	6	.1	.1	C(sosc): 35 (5159)

33 	.0625	.00885	10	6.5	.1	.1	D: 46
33 	.0625	.00880	10	6.5	.1	.1	D: 55
33 	.0625	.00870	10	6.5	.1	.1	D: 104
33 	.0625	.00870	10	6.5	.1	.1	D: 104
33 	.0625	.00860	10	6.5	.1	.1	C(osc): 35 (5119)
33 	.0625	.00868	10	6.5	.1	.1	C(osc): 35 (5027)
33 	.0625	.00869	10	6.5	.1	.1	D: 146

33 	.0625	.0083	10	7	.1	.1	D: 35
33 	.0625	.0080	10	7	.1	.1	C(osc): 40 (1841)
33 	.0625	.00815	10	7	.1	.1	D: 57
33 	.0625	.00808	10	7	.1	.1	C(osc): 40 (1998)
33 	.0625	.00812	10	7	.1	.1	D: 78
33 	.0625	.00811	10	7	.1	.1	D: 93
33 	.0625	.00810	10	7	.1	.1	D: 135
33 	.0625	.00809	10	7	.1	.1	D: 923

33 	.0625	.0076	10	7.5	.1	.1	C(osc): 40 (6426)
33 	.0625	.0077	10	7.5	.1	.1	D: 40
33 	.0625	.00769	10	7.5	.1	.1	D: 41
33 	.0625	.00768	10	7.5	.1	.1	D: 45
33 	.0625	.00767	10	7.5	.1	.1	D: 49
33 	.0625	.00766	10	7.5	.1	.1	D: 50
33 	.0625	.00765	10	7.5	.1	.1	D: 50
33 	.0625	.00764	10	7.5	.1	.1	D: 55
33 	.0625	.00763	10	7.5	.1	.1	D: 68
33 	.0625	.00762	10	7.5	.1	.1	D: 82
33 	.0625	.00761	10	7.5	.1	.1	D: 129

33	.0625	.00002	10	8	.1	.1	C: 4500 (6000)
33	.0625	.002	10	8	.1	.1	C: 200 (1810)
33	.0625	.02	10	8	.1	.1	D: 0
33	.0625	.01	10	8	.1	.1	D: 5
33	.0625	.005	10	8	.1	.1	C: 110 (1629)
33 	.0625	.007	10	8	.1	.1	C(osc): 120 (1474)
33 	.0625	.008	10	8	.1	.1	D: 13
33 	.0625	.0075	10	8	.1	.1	D: 21
33 	.0625	.0072	10	8	.1	.1	D: 86
33 	.0625	.0071	10	8	.1	.1	C(osc): 55 (2807)
33 	.0625	.00718	10	8	.1	.1	C(osc): 55 (7062)
33 	.0625	.00719	10	8	.1	.1	D: 143

33 	.0625	.00686	10	8.5	.1	.1	D: 48
33 	.0625	.00681	10	8.5	.1	.1	D: 240
33 	.0625	.00680	10	8.5	.1	.1	C(osc): 45 (5236)

33 	.0625	.0064	10	9	.1	.1	C(osc): 55 (2620)
33 	.0625	.0066	10	9	.1	.1	D: 21
33 	.0625	.00658	10	9	.1	.1	D: 28
33 	.0625	.00656	10	9	.1	.1	D: 29
33 	.0625	.00654	10	9	.1	.1	D: 35
33 	.0625	.00652	10	9	.1	.1	D: 37
33 	.0625	.00650	10	9	.1	.1	D: 44
33 	.0625	.00648	10	9	.1	.1	D: 60
33 	.0625	.00646	10	9	.1	.1	D: 103
33 	.0625	.00644	10	9	.1	.1	C(osc): 40 (2319)
33 	.0625	.00645	10	9	.1	.1	D: 232

33 	.0625	.0062	10	9.5	.1	.1	D: 34
33 	.0625	.00615	10	9.5	.1	.1	D: 50
33 	.0625	.00611	10	9.5	.1	.1	D: 57
33 	.0625	.00609	10	9.5	.1	.1	D: 68
33 	.0625	.00607	10	9.5	.1	.1	C(osc): 45 (3124)
33 	.0625	.00608	10	9.5	.1	.1	D: 84

33 	.0625	.005	10	10	.1	.1	C: 150 (1200)
33 	.0625	.007	10	10	.1	.1	D: 9
33 	.0625	.006	10	10	.1	.1	D: 21
33 	.0625	.0055	10	10	.1	.1	C(osc): 90 (753)
33 	.0625	.0057	10	10	.1	.1	C(osc): 70 (642)
33 	.0625	.0058	10	10	.1	.1	D: 90

33 	.0625	.0048	10	11	.1	.1	D: 40
33 	.0625	.0046	10	11	.1	.1	D: 124
33 	.0625	.0044	10	11	.1	.1	C: 71 (3026)
33 	.0625	.0045	10	11	.1	.1	C: 62 (3711)
33 	.0625	.00455	10	11	.1	.1	D: 266
33 	.0625	.00453	10	11	.1	.1	C: 70 (1934)
33 	.0625	.00454	10	11	.1	.1	D: 467

33 	.0625	.0048	10	12	.1	.1	D: 12
33 	.0625	.0043	10	12	.1	.1	D: 21
33 	.0625	.0041	10	12	.1	.1	D: 32
33 	.0625	.0039	10	12	.1	.1	D: 74
33 	.0625	.0037	10	12	.1	.1	C: 90
33 	.0625	.0038	10	12	.1	.1	D: 207
33 	.0625	.00375	10	12	.1	.1	C(osc): 110 (3277)
33 	.0625	.00373	10	12	.1	.1	C(osc): 110 (3723)
33 	.0625	.00378	10	12	.1	.1	D: 331
33 	.0625	.00377	10	12	.1	.1	C(osc): 96 (2459)

33 	.0625	.003	10	13	.1	.1	C: 240 (3605)
33 	.0625	.0031	10	13	.1	.1	C: 240 (3543)
33 	.0625	.0032	10	13	.1	.1	D: 267
33 	.0625	.00315	10	13	.1	.1	C: 240 (3132)
33 	.0625	.00317	10	13	.1	.1	C(osc): 230 (2729)
33 	.0625	.00318	10	13	.1	.1	D: 536

33 	.0625	.0026	10	14	.1	.1	D: 138
33 	.0625	.0024	10	14	.1	.1	C: 260
33 	.0625	.0025	10	14	.1	.1	C: 220 (2776)
33 	.0625	.00255	10	14	.1	.1	C: 270 (2589)
33 	.0625	.00258	10	14	.1	.1	C: 260 (3570)
33 	.0625	.00259	10	14	.1	.1	D: 139

33 	.0625	.004	10	15	.1	.1	D: 8
33 	.0625	.0035	10	15	.1	.1	D: 11
33 	.0625	.0028	10	15	.1	.1	D: 23
33 	.0625	.002	10	15	.1	.1	C: 130 (996)
33 	.0625	.0024	10	15	.1	.1	D: 62
33 	.0625	.0023	10	15	.1	.1	D: 63
33 	.0625	.0022	10	15	.1	.1	D: 67
33 	.0625	.0021	10	15	.1	.1	D: 71
33 	.0625	.00205	10	15	.1	.1	D: 76
33 	.0625	.00202	10	15	.1	.1	D: 94
33 	.0625	.00201	10	15	.1	.1	C: 90 (838)

33 	.0625	.0018	10	16	.1	.1	C: 140
33 	.0625	.0019	10	16	.1	.1	C: 110 (2807)
33 	.0625	.0021	10	16	.1	.1	D: 343
33 	.0625	.0020	10	16	.1	.1	C: 105 (2962)
33 	.0625	.00205	10	16	.1	.1	C: 100 (2654)
33 	.0625	.00207	10	16	.1	.1	C: 100 (2345)
33 	.0625	.00209	10	16	.1	.1	D: 500
33 	.0625	.00208	10	16	.1	.1	D: 974
33 	.0625	.002075	10	16	.1	.1	C(osc): 95 (4639)

33 	.0625	.002	10	17	.1	.1	D: 30
33 	.0625	.0018	10	17	.1	.1	D: 49
33 	.0625	.0016	10	17	.1	.1	C(osc): 140 (1580)
33 	.0625	.0017	10	17	.1	.1	C(osc): 140 (1945)
33 	.0625	.00175	10	17	.1	.1	C(osc): 130 (2469)
33 	.0625	.00177	10	17	.1	.1	D: 55
33 	.0625	.00176	10	17	.1	.1	C(osc): 120 (1906)
33 	.0625	.001765	10	17	.1	.1	D: 57

33 	.0625	.0008	10	18	.1	.1	C: 300 (2217)
33 	.0625	.0009	10	18	.1	.1	C: 230 (2664)
33 	.0625	.001	10	18	.1	.1	C: 210 (4587)
33 	.0625	.0012	10	18	.1	.1	C(osc): (2733) // large-size, physically possible oscilation -> no convergence
33 	.0625	.0013	10	18	.1	.1	D: 43
33 	.0625	.00125	10	18	.1	.1	C(osc): (2567)
33 	.0625	.00127	10	18	.1	.1	D: 46
33 	.0625	.00126	10	18	.1	.1	D: 50
33 	.0625	.001255	10	18	.1	.1	C(osc): (3088)

33 	.0625	.0012	10	19	.1	.1	D: 48
33 	.0625	.0010	10	19	.1	.1	D: 53
33 	.0625	.0008	10	19	.1	.1	D: 71
33 	.0625	.0006	10	19	.1	.1	C: 250 (1982)
33 	.0625	.0007	10	19	.1	.1	D: 103
33 	.0625	.00065	10	19	.1	.1	D: 116
33 	.0625	.00063	10	19	.1	.1	D: 127
33 	.0625	.00062	10	19	.1	.1	C: 240 (2362)
33 	.0625	.000625	10	19	.1	.1	C: 230 (3045)
33 	.0625	.000627	10	19	.1	.1	D: 131
33 	.0625	.000626	10	19	.1	.1	D: 134
33 	.0625	.6255m	10	19	.1	.1	D: 138

33 	.0625	.0015	10	20	.1	.1	D: 17
33 	.0625	.0010	10	20	.1	.1	D: 46
33 	.0625	.0007	10	20	.1	.1	D: 80
33 	.0625	.0005	10	20	.1	.1	D: 137
33 	.0625	.0003	10	20	.1	.1	C: 650 (2172)
33 	.0625	.0004	10	20	.1	.1	D: 171
33 	.0625	.00035	10	20	.1	.1	D: 226
33 	.0625	.00033	10	20	.1	.1	C: 700 (2417)
33 	.0625	.00034	10	20	.1	.1	D: 258
33 	.0625	.000335	10	20	.1	.1	C: 750 (3296)

33 	.0625	.0002	10	20.2	.1	.1	C: 900 (4849)
33 	.0625	.0003	10	20.2	.1	.1	D: 270
33 	.0625	.00025	10	20.2	.1	.1	C: 1100 (3756)

33 	.0625	.0003	10	20.5	.1	.1	D: 230
33 	.0625	.0003	10	20.5	.1	.1	D: 230
33 	.0625	.0002	10	20.5	.1	.1	D: 529

33 	.0625	.0004	10	21	.1	.1	D: 149
33 	.0625	.0003	10	21	.1	.1	D: 200
33 	.0625	.0002	10	21	.1	.1	D: 392

33 	.0625	.0002	10	25	.1	.1	D: 185
33 	.0625	.00015	10	25	.1	.1	D: 246
33 	.0625	.0001	10	25	.1	.1	D: 409
33 	.0625	.00005	10	25	.1	.1	D: 4470
33 	.0625	.00002	10	25	.1	.1	D: 2925
33 	.0625	.00001	10	25	.1	.1	D: 3991

----------------

65 	.03125	.00244	10	1	.1	.1	C: 170
65 	.03125	.00245	10	1	.1	.1	D(nn): 200
65 	.03125	.0025	10	1	.1	.1	D: 27
65 	.03125	.0023	10	1	.1	.1	C: 150

65 	.03125	.00244	10	3	.1	.1	C: 170
65 	.03125	.00245	10	3	.1	.1	D(nn): 200

65 	.03125	.004	10	5	.1	.1	D: 1
65 	.03125	.003	10	5	.1	.1	D: 2
65 	.03125	.0025	10	5	.1	.1	D: 26 
65 	.03125	.0024	10	5	.1	.1	C: 90 (701)

65 	.03125	.00245	10	8	.1	.1	D(nn): 200
65 	.03125	.00244	10	8	.1	.1	C: 90 (825)

65 	.03125	.001	10	10	.1	.1	C: 150 (1956)
65 	.03125	.002	10	10	.1	.1	C: 130 (2961)
65 	.03125	.004	10	10	.1	.1	D: 0
65 	.03125	.003	10	10	.1	.1	D: 2
65 	.03125	.0025	10	10	.1	.1	D: 25
65 	.03125	.0023	10	10	.1	.1	C: 120 (1553)
65 	.03125	.0024	10	10	.1	.1	C(osc): 120 (2602)
65 	.03125	.00245	10	10	.1	.1	D(nn): 220
65 	.03125	.00242	10	10	.1	.1	C(osc): 95 (3089)
65 	.03125	.00243	10	10	.1	.1	C(osc): 95 (2231)
65 	.03125	.00244	10	10	.1	.1	C(osc): 90 (2574)

65 	.03125	.0024	10	11	.1	.1	D: 27
65 	.03125	.0023	10	11	.1	.1	D: 72
65 	.03125	.0022	10	11	.1	.1	C(osc): 75 (1294)
65 	.03125	.00225	10	11	.1	.1	C(osc): 75 (507)
65 	.03125	.00229	10	11	.1	.1	D: 88
65 	.03125	.00228	10	11	.1	.1	D: 105
65 	.03125	.00227	10	11	.1	.1	D: 146
65 	.03125	.00226	10	11	.1	.1	D: 352

65 	.03125	.0021	10	12	.1	.1	D: 69
65 	.03125	.00208	10	12	.1	.1	D: 114
65 	.03125	.00207	10	12	.1	.1	D: 185
65 	.03125	.00206	10	12	.1	.1	C(osc): (1129)
65 	.03125	.002068	10	12	.1	.1	D: 219
65 	.03125	.002066	10	12	.1	.1	D: 301

65 	.03125	.00194	10	13	.1	.1	D: 68
65 	.03125	.00192	10	13	.1	.1	D: 118
65 	.03125	.00190	10	13	.1	.1	C(osc): 80 (1541)
65 	.03125	.001918	10	13	.1	.1	D: 134
65 	.03125	.001916	10	13	.1	.1	D: 151
65 	.03125	.001914	10	13	.1	.1	D: 177
65 	.03125	.001912	10	13	.1	.1	D: 243
65 	.03125	.001910	10	13	.1	.1	D: 508
65 	.03125	.001908	10	13	.1	.1	C(osc): 75 (2320)

65 	.03125	.00179	10	14	.1	.1	D: 130
65 	.03125	.001788	10	14	.1	.1	D: 148
65 	.03125	.001785	10	14	.1	.1	D: 232
65 	.03125	.001782	10	14	.1	.1	C(osc): 95 (1532)

65 	.03125	.0025	10	15	.1	.1	D: 5
65 	.03125	.0024	10	15	.1	.1	D: 6
65 	.03125	.0022	10	15	.1	.1	D: 10
65 	.03125	.002	10	15	.1	.1	D: 16
65 	.03125	.0015	10	15	.1	.1	C(osc): 100 (4616)
65 	.03125	.0017	10	15	.1	.1	D: 52
65 	.03125	.0016	10	15	.1	.1	C(osc): 100 (2939)
65 	.03125	.00165	10	15	.1	.1	C(osc): 95 (189)
65 	.03125	.00167	10	15	.1	.1	C(osc): 95 (278)
65 	.03125	.00168	10	15	.1	.1	D: 117
65 	.03125	.001675	10	15	.1	.1	C(osc): 90 (297)

65 	.03125	.0014	10	18	.1	.1	D: 131
65 	.03125	.00135	10	18	.1	.1	C(osc): 85 (1227)
65 	.03125	.00139	10	18	.1	.1	C(osc): 85 (1007)

65 	.03125	.001	10	20	.1	.1	C(osc): 105 (3165)
65 	.03125	.0013	10	20	.1	.1	D: 22
65 	.03125	.0012	10	20	.1	.1	D: 134
65 	.03125	.0011	10	20	.1	.1	C(osc): 95 (2108)
65 	.03125	.00115	10	20	.1	.1	C(osc): 95 (1540)
65 	.03125	.00117	10	20	.1	.1	C(osc): 95 (1544)
65 	.03125	.00118	10	20	.1	.1	C(osc): 95 (1701)
65 	.03125	.00119	10	20	.1	.1	C(osc): 95 (474)

65 	.03125	.00108	10	21	.1	.1	D: 104
65 	.03125	.00106	10	21	.1	.1	C(osc): 100 (1338)
65 	.03125	.00107	10	21	.1	.1	D: 245
65 	.03125	.001065	10	21	.1	.1	D: 856

65 	.03125	.00105	10	22	.1	.1	D: 25
65 	.03125	.00102	10	22	.1	.1	D: 39
65 	.03125	.00100	10	22	.1	.1	D: 54
65 	.03125	.00097	10	22	.1	.1	D: 153
65 	.03125	.00095	10	22	.1	.1	C(osc): 105 (1112)
65 	.03125	.00096	10	22	.1	.1	D: 621
65 	.03125	.000955	10	22	.1	.1	C(osc): 100 (1544)

65 	.03125	.00086	10	23	.1	.1	C(osc): 130 (2344)
65 	.03125	.00088	10	23	.1	.1	D: 165
65 	.03125	.00087	10	23	.1	.1	D: 628
65 	.03125	.000865	10	23	.1	.1	C(osc): 120 (2305)

65 	.03125	.001	10	25	.1	.1	D: 16
65 	.03125	.0008	10	25	.1	.1	D: 30
65 	.03125	.0006	10	25	.1	.1	C(osc): 160 (2110)
65 	.03125	.0007	10	25	.1	.1	C(osc): 155 (1542)
65 	.03125	.00075	10	25	.1	.1	D: 44
65 	.03125	.00073	10	25	.1	.1	D: 305
65 	.03125	.00072	10	25	.1	.1	C(osc): 155 (1495)
65 	.03125	.000725	10	25	.1	.1	D: 691

65 	.03125	.0005	10	30	.1	.1	D: 51
65 	.03125	.0004	10	30	.1	.1	C(osc): (1168)
65 	.03125	.00045	10	30	.1	.1	C(osc): 610 (2336)
65 	.03125	.00047	10	30	.1	.1	C(osc): 430 (2584)
65 	.03125	.00048	10	30	.1	.1	D: 55

65 	.03125	.0003	10	35	.1	.1	C(chaos): (13724)
65 	.03125	.00035	10	35	.1	.1	D: 63
65 	.03125	.00033	10	35	.1	.1	D: 69
65 	.03125	.00032	10	35	.1	.1	D: 75
65 	.03125	.00031	10	35	.1	.1	C(chaos): (1252)

65 	.03125	.0002	10	40	.1	.1	D: 84
65 	.03125	.00015	10	40	.1	.1	C(osc/chaos?): (1231)
65 	.03125	.00019	10	40	.1	.1	D: 87
65 	.03125	.00018	10	40	.1	.1	D: 93
65 	.03125	.00017	10	40	.1	.1	D: 98
65 	.03125	.00016	10	40	.1	.1	D: 345

65 	.03125	.0001	10	45	.1	.1	D: 186
65 	.03125	.00008	10	45	.1	.1	D: 231
65 	.03125	.00006	10	45	.1	.1	D: 314
65 	.03125	.00003	10	45	.1	.1	D: 1701
65 	.03125	.000015	10	45	.1	.1	D: 1067

----------------

65 	.03125	.00244	10	5	.1	.01	C(osc): 80 (2709) 
65 	.03125	.00245	10	5	.1	.01	D: 210

65 	.03125	.001	10	10	.1	.01	C: 145 (1405)
65 	.03125	.0015	10	10	.1	.01	C: 95 (580)
65 	.03125	.003	10	10	.1	.01	D: 2
65 	.03125	.002	10	10	.1	.01	C: 85 (747)
65 	.03125	.0025	10	10	.1	.01	D: 29
65 	.03125	.0024	10	10	.1	.01	C: 85 (1236)
65 	.03125	.00244	10	10	.1	.01	C(osc): 80 (2709) 
65 	.03125	.00245	10	10	.1	.01	D: 290

65 	.03125	.002	10	15	.1	.01	D: 16
65 	.03125	.0015	10	15	.1	.01	C: 90 (1098)
65 	.03125	.0017	10	15	.1	.01	D: 59
65 	.03125	.0016	10	15	.1	.01	C(osc): 85 (1956)
65 	.03125	.00165	10	15	.1	.01	C(osc): 80 (1001)

65 	.03125	.0012	10	20	.1	.01	D: 137
65 	.03125	.00119	10	20	.1	.01	C: 95 (1186)

65 	.03125	.00073	10	25	.1	.01	D: 305
65 	.03125	.00072	10	25	.1	.01	C(osc): 165 (2770)

65 	.03125	.00047	10	30	.1	.01	C(osc): 380 (5612)
65 	.03125	.00048	10	30	.1	.01	D: 55

65 	.03125	.00031	10	35	.1	.01	C(osc/chaos?): (1177)
65 	.03125	.00032	10	35	.1	.01	D: 75

65 	.03125	.00015	10	40	.1	.01	C(osc): 300 (1880)
65 	.03125	.00016	10	40	.1	.01	D: 345

65 	.03125	.00005	10	42	.1	.01	D: 385
