incompressible flow
boundaries for p:
Dirichlet 0 top, bottom
von Neumann 0 left, right
boundaries for u:
Dirichlet (u0, u0/4) top, bottom
Dirichlet 0 left, right
n	dx	dt	spf	u0	nu	dl1 b.	result
129	.015625	.00002	10	48	.1	.1	C: 2300
33	.0625	.00002	10	8	.1	.1	C: 4500 (6000)
33	.0625	.002	10	8	.1	.1	C: 200 (1810)
33	.0625	.02	10	8	.1	.1	D: 0
33	.0625	.01	10	8	.1	.1	D: 5
33	.0625	.005	10	8	.1	.1	C: 110 (1629)
33 	.0625	.007	10	8	.1	.1	C(osc): 120 (1474)
33 	.0625	.008	10	8	.1	.1	D: 13
33 	.0625	.0075	10	8	.1	.1	D: 21
33 	.0625	.0072	10	8	.1	.1	D: 86
33 	.0625	.005	10	10	.1	.1	C: 150 (1200)
33 	.0625	.007	10	10	.1	.1	D: 9
33 	.0625	.006	10	10	.1	.1	D: 21
33 	.0625	.0055	10	10	.1	.1	C(osc): 90 (753)
33 	.0625	.0057	10	10	.1	.1	C(osc): 70 (642)
33 	.0625	.0058	10	10	.1	.1	D: 90
33 	.0625	.004	10	15	.1	.1	D: 8
33 	.0625	.0035	10	15	.1	.1	D: 11
33 	.0625	.0028	10	15	.1	.1	D: 23
33 	.0625	.002	10	15	.1	.1	C: 130 (996)
33 	.0625	.0024	10	15	.1	.1	D: 62
33 	.0625	.0023	10	15	.1	.1	D: 63
33 	.0625	.0022	10	15	.1	.1	D: 67
33 	.0625	.0021	10	15	.1	.1	D: 71
33 	.0625	.00205	10	15	.1	.1	D: 76
33 	.0625	.00202	10	15	.1	.1	D: 94
33 	.0625	.00201	10	15	.1	.1	C: 90 (838)
33 	.0625	.0015	10	20	.1	.1	D: 17
33 	.0625	.0010	10	20	.1	.1	D: 46
33 	.0625	.0007	10	20	.1	.1	D: 80
33 	.0625	.0005	10	20	.1	.1	D: 137
33 	.0625	.0003	10	20	.1	.1	C: 650 (2172)
33 	.0625	.0004	10	20	.1	.1	D: 171
33 	.0625	.00035	10	20	.1	.1	D: 226
33 	.0625	.00033	10	20	.1	.1	C: 700 (2417)
33 	.0625	.00034	10	20	.1	.1	D: 258
33 	.0625	.000335	10	20	.1	.1	C: 750 (3296)
33 	.0625	.01	10	5	.1	.1	D: 22
33 	.0625	.009	10	5	.1	.1	C: 38 (870)
33 	.0625	.0095	10	5	.1	.1	C: 37 (1908)
33 	.0625	.0098	10	5	.1	.1	C: 38 (577)
33 	.0625	.0099	10	5	.1	.1	D: 41
33 	.0625	.00985	10	5	.1	.1	D: 92
33 	.0625	.00983	10	5	.1	.1	D(nn): 170 // nn -> not NaN, but clearly non-physical
33 	.0625	.0048	10	12	.1	.1	D: 12
33 	.0625	.0043	10	12	.1	.1	D: 21
33 	.0625	.0041	10	12	.1	.1	D: 32
33 	.0625	.0039	10	12	.1	.1	D: 74
33 	.0625	.0037	10	12	.1	.1	C: 90
33 	.0625	.0038	10	12	.1	.1	D: 207
33 	.0625	.00375	10	12	.1	.1	C(osc): 110 (3277)
33 	.0625	.00373	10	12	.1	.1	C(osc): 110 (3723)
33 	.0625	.00378	10	12	.1	.1	D: 331
33 	.0625	.00377	10	12	.1	.1	C(osc): 96 (2459)
33 	.0625	.003	10	13	.1	.1	C: 240 (3605)
33 	.0625	.0031	10	13	.1	.1	C: 240 (3543)
33 	.0625	.0032	10	13	.1	.1	D: 267
33 	.0625	.00315	10	13	.1	.1	C: 240 (3132)
33 	.0625	.00317	10	13	.1	.1	C(osc): 230 (2729)
33 	.0625	.00318	10	13	.1	.1	D: 536
33 	.0625	.0048	10	11	.1	.1	D: 40
33 	.0625	.0046	10	11	.1	.1	D: 124
33 	.0625	.0044	10	11	.1	.1	C: 71 (3026)
33 	.0625	.0045	10	11	.1	.1	C: 62 (3711)
33 	.0625	.00455	10	11	.1	.1	D: 266
33 	.0625	.00453	10	11	.1	.1	C: 70 (1934)
33 	.0625	.00454	10	11	.1	.1	D: 467
33 	.0625	.0026	10	14	.1	.1	D: 138
33 	.0625	.0024	10	14	.1	.1	C: 260
33 	.0625	.0025	10	14	.1	.1	C: 220 (2776)
33 	.0625	.00255	10	14	.1	.1	C: 270 (2589)
33 	.0625	.00258	10	14	.1	.1	C: 260 (3570)
33 	.0625	.00259	10	14	.1	.1	D: 139
33 	.0625	.0008	10	18	.1	.1	C: 300 (2217)
33 	.0625	.0009	10	18	.1	.1	C: 230 (2664)
33 	.0625	.001	10	18	.1	.1	C: 210 (4587)
33 	.0625	.0012	10	18	.1	.1	C(osc): (2733) // large-size, physically possible oscilation -> no convergence
33 	.0625	.0013	10	18	.1	.1	D: 43
33 	.0625	.00125	10	18	.1	.1	C(osc): (2567)
33 	.0625	.00127	10	18	.1	.1	D: 46
33 	.0625	.00126	10	18	.1	.1	D: 50
33 	.0625	.001255	10	18	.1	.1	C(osc): (3088)
33 	.0625	.0012	10	19	.1	.1	D: 48
33 	.0625	.0010	10	19	.1	.1	D: 53
33 	.0625	.0008	10	19	.1	.1	D: 71
33 	.0625	.0006	10	19	.1	.1	C: 250 (1982)
33 	.0625	.0007	10	19	.1	.1	D: 103
33 	.0625	.00065	10	19	.1	.1	D: 116
33 	.0625	.00063	10	19	.1	.1	D: 127
33 	.0625	.00062	10	19	.1	.1	C: 240 (2362)
33 	.0625	.000625	10	19	.1	.1	C: 230 (3045)
33 	.0625	.000627	10	19	.1	.1	D: 131
33 	.0625	.000626	10	19	.1	.1	D: 134
33 	.0625	.6255m	10	19	.1	.1	D: 138
33 	.0625	.0018	10	16	.1	.1	C: 140
33 	.0625	.0019	10	16	.1	.1	C: 110 (2807)
33 	.0625	.0021	10	16	.1	.1	D: 343
33 	.0625	.0020	10	16	.1	.1	C: 105 (2962)
33 	.0625	.00205	10	16	.1	.1	C: 100 (2654)
33 	.0625	.00207	10	16	.1	.1	C: 100 (2345)
33 	.0625	.00209	10	16	.1	.1	D: 500
33 	.0625	.00208	10	16	.1	.1	D: 974
33 	.0625	.002075	10	16	.1	.1	C(osc): 95 (4639)
33 	.0625	.002	10	17	.1	.1	D: 30
33 	.0625	.0018	10	17	.1	.1	D: 49
33 	.0625	.0016	10	17	.1	.1	C(osc): 140 (1580)
33 	.0625	.0017	10	17	.1	.1	C(osc): 140 (1945)
33 	.0625	.00175	10	17	.1	.1	C(osc): 130 (2469)
33 	.0625	.00177	10	17	.1	.1	D: 55
33 	.0625	.00176	10	17	.1	.1	C(osc): 120 (1906)
33 	.0625	.001765	10	17	.1	.1	D: 57
33 	.0625	.0002	10	25	.1	.1	D: 185
33 	.0625	.00015	10	25	.1	.1	D: 246
33 	.0625	.0001	10	25	.1	.1	D: 409
33 	.0625	.00005	10	25	.1	.1	D: 4470
33 	.0625	.00002	10	25	.1	.1	D: 2925
33 	.0625	.00001	10	25	.1	.1	D: 3991
33 	.0625	.0004	10	21	.1	.1	D: 149
33 	.0625	.0003	10	21	.1	.1	D: 200
33 	.0625	.0002	10	21	.1	.1	D: 392
33 	.0625	.0003	10	20.5	.1	.1	D: 230
33 	.0625	.0003	10	20.5	.1	.1	D: 230
33 	.0625	.0002	10	20.5	.1	.1	D: 529
33 	.0625	.0002	10	20.2	.1	.1	C: 900 (4849)
33 	.0625	.0003	10	20.2	.1	.1	D: 270
33 	.0625	.00025	10	20.2	.1	.1	C: 1100 (3756)

65 	.03125	.001	10	10	.1	.1	C: 150 (1956)
65 	.03125	.002	10	10	.1	.1	C: 130 (2961)
65 	.03125	.004	10	10	.1	.1	D: 0
65 	.03125	.003	10	10	.1	.1	D: 2
65 	.03125	.0025	10	10	.1	.1	D: 25
65 	.03125	.0023	10	10	.1	.1	C: 120 (1553)
65 	.03125	.0024	10	10	.1	.1	C(osc): 120 (2602)
65 	.03125	.00245	10	10	.1	.1	D(nn): 220
65 	.03125	.00242	10	10	.1	.1	C(osc): 95 (3089)
65 	.03125	.00243	10	10	.1	.1	C(osc): 95 (2231)
65 	.03125	.00244	10	10	.1	.1	C(osc): 90 (2574)
65 	.03125	.004	10	5	.1	.1	D: 1
65 	.03125	.003	10	5	.1	.1	D: 2
65 	.03125	.0025	10	5	.1	.1	D: 26 
65 	.03125	.0024	10	5	.1	.1	C: 90 (701)
65 	.03125	.00245	10	5	.1	.1	D(nn): 228
65 	.03125	.00244	10	5	.1	.1	C: 90 (527)
